13 0.038840
com 0.030798
123 0.029426
12 0.029177
23 0.027120
22 0.026309
21 0.025374
11 0.021010
24 0.020075
01 0.019140
88 0.017581
10 0.016958
77 0.016459
09 0.015648
17 0.015212
99 0.013778
08 0.013591
25 0.013217
87 0.013092
14 0.012781
27 0.012344
89 0.012344
07 0.012219
33 0.011970
18 0.011658
16 0.010848
15 0.010661
19 0.010599
86 0.010037
28 0.010037
69 0.009850
06 0.009788
20 0.009165
03 0.008915
05 0.008915
32 0.008728
m 0.008666
44 0.008541
76 0.008479
78 0.008229
26 0.007980
85 0.007544
04 0.007419
a 0.007419
83 0.007357
42 0.007357
82 0.007357
79 0.007232
29 0.007045
55 0.007045
84 0.006920
92 0.006920
31 0.006858
75 0.006858
66 0.006796
81 0.006796
777 0.006796
101 0.006297
02 0.006172
00 0.006172
34 0.006110
30 0.006047
91 0.005923
72 0.005736
93 0.005549
56 0.005486
c 0.005424
2009 0.005424
j 0.005362
s 0.005299
007 0.005299
71 0.005237
57 0.005237
73 0.005112
k 0.005050
67 0.004800
90 0.004800
64 0.004613
80 0.004613
420 0.004302
74 0.004239
2007 0.004177
2008 0.004177
59 0.004115
yahoo 0.004115
95 0.004115
45 0.003990
47 0.003928
35 0.003803
99999 0.003803
98 0.003741
94 0.003741
2000 0.003678
2006 0.003616
001 0.003616
37 0.003491
co 0.003367
68 0.003304
333 0.003304
63 0.003304
51 0.003304
aol 0.003242
97 0.003242
54 0.003242
b 0.003180
r 0.003117
65 0.003117
43 0.003117
t 0.003117
1 0.003055
p 0.003055
46 0.003055
52 0.002993
1980 0.002930
143 0.002930
n 0.002930
d 0.002868
39 0.002868
ca 0.002868
36 0.002805
