qq 0.119284
a 0.103704
123 0.049997
163 0.040020
com 0.038090
q 0.023431
126 0.021744
w 0.018415
z 0.017907
2010 0.017154
520 0.017051
123456 0.013353
123456789 0.013081
2009 0.012620
2008 0.012582
cn 0.010349
aa 0.009676
s 0.009539
521 0.009524
1314 0.009313
l 0.009271
1234 0.009191
li 0.009110
wang 0.009018
x 0.008486
liu 0.008147
007 0.007500
c 0.007429
1987 0.007425
asd 0.007317
zhang 0.007064
001 0.007009
1988 0.006991
y 0.006877
abc 0.006501
12 0.006439
1989 0.006380
as 0.006331
11 0.006282
h 0.006125
chen 0.006099
88 0.006039
12345678 0.005860
888 0.005831
111 0.005645
12345 0.005484
yang 0.005231
zx 0.005073
110 0.004999
1986 0.004990
ly 0.004831
b 0.004775
zy 0.004724
m 0.004578
yy 0.004507
f 0.004281
99 0.004232
d 0.004194
21 0.004181
yu 0.004161
1985 0.004094
00 0.003997
1990 0.003988
2000 0.003942
qwe 0.003937
1984 0.003890
2006 0.003818
j 0.003809
2007 0.003769
sun 0.003749
zz 0.003743
k 0.003684
zj 0.003678
lin 0.003658
g 0.003626
01 0.003626
qw 0.003595
t 0.003593
1983 0.003584
1982 0.003358
aaa 0.003315
168 0.003280
wy 0.003260
wu 0.003230
zl 0.003226
cc 0.003197
wj 0.003184
love 0.003179
000 0.003148
xu 0.003107
2005 0.003087
lj 0.003074
999 0.002994
ww 0.002982
wei 0.002949
5201314 0.002908
zh 0.002879
zxc 0.002875
23 0.002813
p 0.002808
long 0.002718
huang 0.002705
22 0.002669
zhou 0.002667
10 0.002665
www 0.002636
hu 0.002620
cs 0.002600
feng 0.002511
zhao 0.002486
xiao 0.002481
zw 0.002464
13 0.002441
qaz 0.002410
1981 0.002394
321 0.002377
wq 0.002367
zc 0.002365
lx 0.002348
