qq 0.120084
a 0.104613
123 0.051190
163 0.040307
com 0.039243
q 0.023612
126 0.021920
w 0.018594
z 0.018050
2010 0.017310
520 0.017174
123456 0.013445
123456789 0.013169
2009 0.012863
2008 0.012788
cn 0.010422
s 0.009757
aa 0.009744
521 0.009602
1314 0.009378
l 0.009376
1234 0.009320
li 0.009171
wang 0.009080
x 0.008611
liu 0.008205
007 0.007704
c 0.007637
1987 0.007517
asd 0.007373
12 0.007335
001 0.007162
zhang 0.007118
1988 0.007060
y 0.006950
11 0.006938
88 0.006593
abc 0.006562
1989 0.006468
as 0.006377
h 0.006229
chen 0.006158
888 0.005925
12345678 0.005899
111 0.005725
12345 0.005533
yang 0.005267
zx 0.005107
110 0.005047
1986 0.005045
21 0.004951
b 0.004900
ly 0.004863
m 0.004861
zy 0.004756
99 0.004663
yy 0.004541
f 0.004359
d 0.004306
01 0.004209
00 0.004204
yu 0.004193
1985 0.004162
2000 0.004076
1990 0.004036
j 0.003991
qwe 0.003971
1984 0.003952
2006 0.003949
2007 0.003916
k 0.003856
sun 0.003783
zz 0.003772
g 0.003719
t 0.003708
zj 0.003703
lin 0.003683
1983 0.003646
23 0.003625
qw 0.003619
13 0.003592
22 0.003455
1982 0.003406
aaa 0.003339
168 0.003308
wy 0.003282
wu 0.003255
zl 0.003248
cc 0.003229
love 0.003213
wj 0.003207
000 0.003184
10 0.003178
2005 0.003173
xu 0.003127
lj 0.003096
999 0.003071
ww 0.003002
wei 0.002969
5201314 0.002931
p 0.002916
zh 0.002898
zxc 0.002894
long 0.002736
huang 0.002723
77 0.002714
zhou 0.002685
www 0.002654
hu 0.002637
cs 0.002621
feng 0.002528
